6	1519258	NaN
6	1519323	0.68747
6	1519352	0.65187
6	1519405	NaN
6	1519436	NaN
6	1519459	0.59693
6	1519462	0.59461
6	1519489	0.69336
6	1519494	0.4878
6	1519498	0.89476
6	1519514	0.60158
6	1519541	0.82191
6	1519590	0.60286
6	1519617	0.60225
6	1519644	0.0197
6	1519927	0.0201
6	1520306	0.01897
6	1520526	0.0206
6	1520578	NaN
6	1520593	NaN
6	1520610	0.0201
6	1520665	0.03089
6	1520673	0.90367
6	1520790	NaN
6	1520816	0.02027
6	1520915	NaN
6	1520918	0.97227
6	1521264	NaN
6	1521702	NaN
6	1521711	0.60229
6	1522166	0.71397
6	1522185	0.60132
6	1522196	0.45573
6	1522245	0.8837
6	1522246	0.60132
6	1522256	0.60053
6	1522269	NaN
6	1522347	0.60132
6	1522610	0.60132
6	1522658	0.68526
6	1522680	NaN
6	1522743	0.97151
6	1522749	NaN
6	1522923	0.60132
6	1523109	0.60132
6	1523285	0.28469
6	1523318	0.65504
6	1523774	NaN
6	1523907	0.67936
6	1524101	0.60132
6	1524122	NaN
6	1524265	NaN
6	1524279	0.75902
6	1524283	NaN
6	1524295	NaN
6	1524649	0.73301
6	1524662	NaN
6	1524670	0.60132
6	1524703	0.60132
6	1524767	0.4947
6	1524824	NaN
6	1524847	NaN
6	1524850	NaN
6	1524851	NaN
6	1524893	0.60132
6	1524905	0.60081
6	1524995	0.60132
6	1525040	0.60132
6	1525053	NaN
6	1525058	0.69286
6	1525145	0.60132
6	1525197	NaN
6	1525253	NaN
6	1525256	NaN
6	1525501	0.60132
6	1525588	0.60132
6	1525601	0.60132
6	1525730	0.60132
6	1525732	0.53883
6	1525735	0.60132
6	1525846	0.0588
6	1525868	0.16072
6	1526127	NaN
6	1526134	0.60132
6	1526180	0.60132
6	1526275	0.60132
6	1526310	0.60132
6	1526410	0.71996
6	1526422	0.69878
6	1529300	NaN
6	1529563	0.00535
6	1529937	NaN
6	1530738	0.12547
6	1533220	0.10847
6	1533233	0.06567
6	1533240	0.03138
6	1534973	0.42999
6	1535006	0.36224
6	1535016	0.84581
6	1535022	0.95673
6	1535039	0.63231
6	1535109	0.21126
6	1535113	0.66302
6	1535152	0.02425
6	1535207	0.02425
6	1535219	NaN
6	1535232	0.02425
6	1535236	0.67388
6	1535302	0.06017
6	1535342	0.05381
6	1535344	0.05058
6	1535345	0.05338
6	1535346	0.05338
6	1535347	0.08835
6	1535350	0.49189
6	1535353	0.02477
6	1535380	NaN
6	1535486	NaN
6	1535599	0.47703
6	1535606	0.67303
6	1535617	NaN
6	1535619	0.56733
6	1535639	NaN
6	1535661	0.56733
6	1535668	0.47269
6	1535683	NaN
6	1535718	0.45545
6	1535721	0.45545
6	1535805	NaN
6	1535871	0.58164
6	1535883	0.03585
6	1535919	0.03057
6	1535951	0.44873
6	1536043	NaN
6	1536079	0.02471
6	1536181	0.69878
6	1536234	NaN
6	1536235	0.03179
6	1536264	NaN
6	1536499	0.86238
6	1536512	0.98306
6	1536515	0.54678
6	1536539	0.87532
6	1536572	0.53316
6	1536687	0.00224
6	1536688	0.00247
6	1536700	0.67388
6	1536761	NaN
6	1536803	NaN
6	1536806	NaN
6	1536807	NaN
6	1536811	0.09515
6	1536814	0.8438
6	1536815	0.00944
6	1536819	0.91229
6	1536820	0.46615
6	1536821	0.55634
6	1536824	0.60563
6	1536826	0.81613
6	1536860	0.09974
6	1536876	0.04485
6	1536905	0.34867
6	1536908	0.69821
6	1536909	0.79886
6	1536934	0.0131
6	1536992	0.44122
6	1536993	0.66407
6	1537020	0.6769
6	1537030	NaN
6	1537031	0.6769
6	1537032	NaN
6	1537034	NaN
6	1537035	NaN
6	1537039	NaN
6	1537081	0.8901
6	1537082	0.90279
6	1537089	0.01605
6	1537091	0.01605
6	1537313	NaN
6	1537363	NaN
6	1537393	0.01995
6	1537400	0.01995
6	1537425	0.61412
6	1537436	0.04195
6	1537450	NaN
6	1537452	0.0131
6	1537453	0.0131
6	1537473	NaN
6	1537486	0.70455
6	1537500	0.27097
6	1537563	0.97377
6	1537564	0.17801
6	1537570	0.05808
6	1537571	0.00552
6	1537626	0.45283
6	1537650	0.32691
6	1537672	0.60771
6	1537705	0.63565
6	1537752	0.02562
6	1537768	0.12425
6	1537808	0.64623
6	1537832	0.82433
6	1537975	0.57083
6	1537984	0.75311
6	1538020	0.57083
6	1538032	0.04873
6	1538130	0.00702
6	1538244	0.47001
6	1538248	0.02761
6	1538260	0.45615
6	1538287	0.3265
6	1538311	0.81065
6	1538323	0.3265
6	1538338	0.3265
6	1538368	NaN
6	1538372	NaN
6	1538381	NaN
6	1538392	0.42817
6	1538401	0.29899
6	1538443	0.5441
6	1538473	0.26899
6	1538478	0.64699
6	1538519	0.53872
6	1538523	0.9536
6	1538527	0.9536
6	1538528	0.9536
6	1538529	0.9536
6	1538594	0.17719
6	1538607	NaN
6	1538611	0.24146
6	1538645	0.0334
6	1538692	0.19015
6	1538802	0.92029
6	1538868	0.02402
6	1539075	0.03179
6	1539165	0.89304
6	1539166	0.87782
6	1539458	0.2978
6	1539483	0.02425
6	1539576	0.02425
6	1539619	0.02425
6	1539979	0.02425
6	1540054	NaN
6	1540111	0.28601
6	1540121	0.64699
6	1540124	0.33805
6	1540161	0.33805
6	1540313	0.5713
6	1540458	0.18772
6	1540483	NaN
6	1540992	0.0528
6	1541045	0.94699
6	1541047	0.59732
6	1541076	0.50225
6	1541098	NaN
6	1541167	0.20439
6	1541183	0.54274
6	1541188	NaN
6	1541192	0.03411
6	1541208	0.61111
6	1541211	0.44904
6	1541224	NaN
6	1541236	0.44904
6	1541276	0.44904
6	1541321	0.65857
6	1541347	0.68148
6	1541394	0.94883
6	1541403	0.0355
6	1541435	0.89986
6	1541796	0.02573
6	1541840	0.17022
6	1542441	0.37122
6	1543837	0.13937
6	1544212	0.02999
6	1544354	0.02766
6	1544610	0.02254
