6	1519258	NaN
6	1519323	0.94226
6	1519352	0.56869
6	1519405	NaN
6	1519436	NaN
6	1519459	0.66389
6	1519462	0.66674
6	1519489	0.71716
6	1519494	0.47699
6	1519498	0.72737
6	1519514	0.66818
6	1519541	0.86413
6	1519590	0.67441
6	1519617	0.67391
6	1519644	0.08577
6	1519927	0.07679
6	1520306	0.08154
6	1520526	0.07955
6	1520578	NaN
6	1520593	NaN
6	1520610	0.07679
6	1520665	0.09582
6	1520673	0.98295
6	1520790	NaN
6	1520816	0.07379
6	1520915	NaN
6	1520918	0.80462
6	1521264	NaN
6	1521702	NaN
6	1521711	0.66793
6	1522166	0.68319
6	1522185	0.66557
6	1522196	0.61095
6	1522245	0.88143
6	1522246	0.66578
6	1522256	0.66446
6	1522269	NaN
6	1522347	0.66557
6	1522610	0.66578
6	1522658	0.52633
6	1522680	NaN
6	1522743	0.80966
6	1522749	NaN
6	1522923	0.66578
6	1523109	0.66578
6	1523285	0.31662
6	1523318	0.46745
6	1523774	NaN
6	1523907	0.65995
6	1524101	0.66578
6	1524122	NaN
6	1524265	NaN
6	1524279	0.74501
6	1524283	NaN
6	1524295	NaN
6	1524649	0.92588
6	1524662	NaN
6	1524670	0.66578
6	1524703	0.66578
6	1524767	0.31071
6	1524824	NaN
6	1524847	NaN
6	1524850	NaN
6	1524851	NaN
6	1524893	0.66578
6	1524905	0.66311
6	1524995	0.66578
6	1525040	0.66578
6	1525053	NaN
6	1525058	0.63347
6	1525145	0.66578
6	1525197	NaN
6	1525253	NaN
6	1525256	NaN
6	1525501	0.66578
6	1525588	0.66578
6	1525601	0.66578
6	1525730	0.66578
6	1525732	0.68682
6	1525735	0.66578
6	1525846	0.14995
6	1525868	0.49654
6	1526127	NaN
6	1526134	0.66578
6	1526180	0.66578
6	1526275	0.66578
6	1526310	0.66578
6	1526410	0.62152
6	1526422	0.72209
6	1529300	NaN
6	1529563	0.04618
6	1529937	NaN
6	1530738	0.14402
6	1533220	0.5706
6	1533233	0.36307
6	1533240	0.14013
6	1534973	0.74992
6	1535006	0.49495
6	1535016	0.63327
6	1535022	0.68683
6	1535039	0.66635
6	1535109	0.35082
6	1535113	0.63767
6	1535152	0.07741
6	1535207	0.07741
6	1535219	NaN
6	1535232	0.07741
6	1535236	0.6703
6	1535302	0.11852
6	1535342	0.10251
6	1535344	0.09039
6	1535345	0.09526
6	1535346	0.09526
6	1535347	0.13296
6	1535350	0.34996
6	1535353	0.05265
6	1535380	NaN
6	1535486	NaN
6	1535599	0.48123
6	1535606	0.73677
6	1535617	NaN
6	1535619	0.78469
6	1535639	NaN
6	1535661	0.78469
6	1535668	0.70875
6	1535683	NaN
6	1535718	0.63539
6	1535721	0.63539
6	1535805	NaN
6	1535871	0.22025
6	1535883	0.12388
6	1535919	0.07476
6	1535951	0.22086
6	1536043	NaN
6	1536079	0.05429
6	1536181	0.72209
6	1536234	NaN
6	1536235	0.09166
6	1536264	NaN
6	1536499	0.9148
6	1536512	0.68825
6	1536515	0.56205
6	1536539	0.88679
6	1536572	0.56656
6	1536687	6.2242E-4
6	1536688	0.00123
6	1536700	0.6703
6	1536761	NaN
6	1536803	NaN
6	1536806	NaN
6	1536807	NaN
6	1536811	0.06088
6	1536814	0.67702
6	1536815	0.03204
6	1536819	0.53052
6	1536820	0.37264
6	1536821	0.6125
6	1536824	0.5559
6	1536826	0.83802
6	1536860	0.13877
6	1536876	0.06032
6	1536905	0.46754
6	1536908	0.61808
6	1536909	0.75443
6	1536934	0.04872
6	1536992	0.3878
6	1536993	0.88715
6	1537020	0.95489
6	1537030	NaN
6	1537031	0.95489
6	1537032	NaN
6	1537034	NaN
6	1537035	NaN
6	1537039	NaN
6	1537081	0.37697
6	1537082	0.38323
6	1537089	0.04871
6	1537091	0.04871
6	1537313	NaN
6	1537363	NaN
6	1537393	0.06025
6	1537400	0.06025
6	1537425	0.56436
6	1537436	0.05834
6	1537450	NaN
6	1537452	0.04872
6	1537453	0.04872
6	1537473	NaN
6	1537486	0.64726
6	1537500	0.46886
6	1537563	0.67225
6	1537564	0.10451
6	1537570	0.05572
6	1537571	0.00167
6	1537626	0.74478
6	1537650	0.18334
6	1537672	0.39665
6	1537705	0.84163
6	1537752	0.04857
6	1537768	0.18021
6	1537808	0.98905
6	1537832	0.94258
6	1537975	0.87567
6	1537984	0.91925
6	1538020	0.87567
6	1538032	0.06676
6	1538130	5.0304E-7
6	1538244	0.81214
6	1538248	0.08224
6	1538260	0.78025
6	1538287	0.59883
6	1538311	0.85795
6	1538323	0.59883
6	1538338	0.59883
6	1538368	NaN
6	1538372	NaN
6	1538381	NaN
6	1538392	0.74849
6	1538401	0.54381
6	1538443	0.77218
6	1538473	0.46289
6	1538478	0.65325
6	1538519	0.49922
6	1538523	0.73516
6	1538527	0.73516
6	1538528	0.73516
6	1538529	0.73516
6	1538594	0.17759
6	1538607	NaN
6	1538611	0.30317
6	1538645	0.10428
6	1538692	0.2005
6	1538802	0.84934
6	1538868	0.0777
6	1539075	0.09166
6	1539165	0.93389
6	1539166	0.92092
6	1539458	0.4205
6	1539483	0.07741
6	1539576	0.07741
6	1539619	0.07741
6	1539979	0.07741
6	1540054	NaN
6	1540111	0.45447
6	1540121	0.65325
6	1540124	0.59305
6	1540161	0.59305
6	1540313	0.7989
6	1540458	0.17399
6	1540483	NaN
6	1540992	0.4985
6	1541045	0.9497
6	1541047	0.76062
6	1541076	0.51467
6	1541098	NaN
6	1541167	0.37635
6	1541183	0.56672
6	1541188	NaN
6	1541192	0.09435
6	1541208	0.60904
6	1541211	0.69599
6	1541224	NaN
6	1541236	0.69599
6	1541276	0.69599
6	1541321	0.60044
6	1541347	0.68094
6	1541394	0.94586
6	1541403	0.09781
6	1541435	0.71468
6	1541796	0.08767
6	1541840	0.22014
6	1542441	0.59514
6	1543837	0.18544
6	1544212	0.08638
6	1544354	0.08038
6	1544610	0.08429
